14133
14146
14161
15942
15956
15970
17692
17706
17720
19441
19452
19466
21188
21199
21213
22933
22944
22958
24678
24692
24706
26422
26436
26451
28167
28181
28195
29915
29926
29940
31665
31677
31691
952
966
980
2775
2786
2800
4522
4536
4550
6270
6284
6298
8018
8029
8046
9766
9777
9794
11512
11527
11541
13268
13279
13296
15014
15028
15042
16759
16773
16787
18504
18518
18532
20253
20264
20278
21999
22013
22027
23746
23761
23775
25498
25509
25523
27248
27262
27276
28994
29008
29022
30739
30753
30767
32490
32504
32518
1852
1863
1877
3594
3609
3623
5343
5357
5371
7090
7104
7118
8842
8854
8868
10600
10611
10625
12348
12362
12376
14098
14112
14126
15845
15856
15870
17590
17601
17615
19336
19350
19364
21083
21098
21112
22836
22847
22861
24582
24596
24610
26330
26341
26355
28076
28087
28104
29822
29836
29850
31569
31583
31597
854
868
882
2672
2686
2700
